-199.58
-199.329846968663
-199.079693937327
-198.82954090599
-198.579387874653
-198.329234843316
-198.07908181198
-197.828928780643
-197.578775749306
-197.32862271797
-197.078469686633
-196.828316655296
-196.578163623959
-196.328010592623
-196.077857561286
-195.827704529949
-195.577551498613
-195.327398467276
-195.077245435939
-194.827092404603
-194.576939373266
-194.326786341929
-194.076633310592
-193.826480279256
-193.576327247919
-193.326174216582
-193.076021185246
-192.825868153909
-192.575715122572
-192.325562091235
-192.075409059899
-191.825256028562
-191.575102997225
-191.324949965889
-191.074796934552
-190.824643903215
-190.574490871878
-190.324337840542
-190.074184809205
-189.824031777868
-189.573878746532
-189.323725715195
-189.073572683858
-188.823419652522
-188.573266621185
-188.323113589848
-188.072960558511
-187.822807527175
-187.572654495838
-187.322501464501
-187.072348433165
-186.822195401828
-186.572042370491
-186.321889339154
-186.071736307818
-185.821583276481
-185.571430245144
-185.321277213808
-185.071124182471
-184.820971151134
-184.570818119797
-184.320665088461
-184.070512057124
-183.820359025787
-183.570205994451
-183.320052963114
-183.069899931777
-182.819746900441
-182.569593869104
-182.319440837767
-182.06928780643
-181.819134775094
-181.568981743757
-181.31882871242
-181.068675681084
-180.818522649747
-180.56836961841
-180.318216587073
-180.068063555737
-179.8179105244
-179.567757493063
-179.317604461727
-179.06745143039
-178.817298399053
-178.567145367716
-178.31699233638
-178.066839305043
-177.816686273706
-177.56653324237
-177.316380211033
-177.066227179696
-176.81607414836
-176.565921117023
-176.315768085686
-176.065615054349
-175.815462023013
-175.565308991676
-175.315155960339
-175.065002929003
-174.814849897666
-174.564696866329
-174.314543834992
-174.064390803656
-173.814237772319
-173.564084740982
-173.313931709646
-173.063778678309
-172.813625646972
-172.563472615635
-172.313319584299
-172.063166552962
-171.813013521625
-171.562860490289
-171.312707458952
-171.062554427615
-170.812401396279
-170.562248364942
-170.312095333605
-170.061942302268
-169.811789270932
-169.561636239595
-169.311483208258
-169.061330176922
-168.811177145585
-168.561024114248
-168.310871082911
-168.060718051575
-167.810565020238
-167.560411988901
-167.310258957565
-167.060105926228
-166.809952894891
-166.559799863554
-166.309646832218
-166.059493800881
-165.809340769544
-165.559187738208
-165.309034706871
-165.058881675534
-164.808728644198
-164.558575612861
-164.308422581524
-164.058269550187
-163.808116518851
-163.557963487514
-163.307810456177
-163.057657424841
-162.807504393504
-162.557351362167
-162.30719833083
-162.057045299494
-161.806892268157
-161.55673923682
-161.306586205484
-161.056433174147
-160.80628014281
-160.556127111473
-160.305974080137
-160.0558210488
-159.805668017463
-159.555514986127
-159.30536195479
-159.055208923453
-158.805055892117
-158.55490286078
-158.304749829443
-158.054596798106
-157.80444376677
-157.554290735433
-157.304137704096
-157.05398467276
-156.803831641423
-156.553678610086
-156.303525578749
-156.053372547413
-155.803219516076
-155.553066484739
-155.302913453403
-155.052760422066
-154.802607390729
-154.552454359392
-154.302301328056
-154.052148296719
-153.801995265382
-153.551842234046
-153.301689202709
-153.051536171372
-152.801383140036
-152.551230108699
-152.301077077362
-152.050924046025
-151.800771014689
-151.550617983352
-151.300464952015
-151.050311920679
-150.800158889342
-150.550005858005
-150.299852826668
-150.049699795332
-149.799546763995
-149.549393732658
-149.299240701322
-149.049087669985
-148.798934638648
-148.548781607311
-148.298628575975
-148.048475544638
-147.798322513301
-147.548169481965
-147.298016450628
-147.047863419291
-146.797710387955
-146.547557356618
-146.297404325281
-146.047251293944
-145.797098262608
-145.546945231271
-145.296792199934
-145.046639168598
-144.796486137261
-144.546333105924
-144.296180074587
-144.046027043251
-143.795874011914
-143.545720980577
-143.295567949241
-143.045414917904
-142.795261886567
-142.54510885523
-142.294955823894
-142.044802792557
-141.79464976122
-141.544496729884
-141.294343698547
-141.04419066721
-140.794037635874
-140.543884604537
-140.2937315732
-140.043578541863
-139.793425510527
-139.54327247919
-139.293119447853
-139.042966416517
-138.79281338518
-138.542660353843
-138.292507322506
-138.04235429117
-137.792201259833
-137.542048228496
-137.29189519716
-137.041742165823
-136.791589134486
-136.541436103149
-136.291283071813
-136.041130040476
-135.790977009139
-135.540823977803
-135.290670946466
-135.040517915129
-134.790364883793
-134.540211852456
-134.290058821119
-134.039905789782
-133.789752758446
-133.539599727109
-133.289446695772
-133.039293664436
-132.789140633099
-132.538987601762
-132.288834570425
-132.038681539089
-131.788528507752
-131.538375476415
-131.288222445079
-131.038069413742
-130.787916382405
-130.537763351068
-130.287610319732
-130.037457288395
-129.787304257058
-129.537151225722
-129.286998194385
-129.036845163048
-128.786692131712
-128.536539100375
-128.286386069038
-128.036233037701
-127.786080006365
-127.535926975028
-127.285773943691
-127.035620912355
-126.785467881018
-126.535314849681
-126.285161818344
-126.035008787008
-125.784855755671
-125.534702724334
-125.284549692998
-125.034396661661
-124.784243630324
-124.534090598987
-124.283937567651
-124.033784536314
-123.783631504977
-123.533478473641
-123.283325442304
-123.033172410967
-122.783019379631
-122.532866348294
-122.282713316957
-122.03256028562
-121.782407254284
-121.532254222947
-121.28210119161
-121.031948160274
-120.781795128937
-120.5316420976
-120.281489066263
-120.031336034927
-119.78118300359
-119.531029972253
-119.280876940917
-119.03072390958
-118.780570878243
-118.530417846906
-118.28026481557
-118.030111784233
-117.779958752896
-117.52980572156
-117.279652690223
-117.029499658886
-116.77934662755
-116.529193596213
-116.279040564876
-116.028887533539
-115.778734502203
-115.528879281063
-115.279038700944
-115.029227402009
-114.779460022703
-114.5297511989
-114.280115563042
-114.030567743282
-113.781122362629
-113.531794038085
-113.282597379798
-113.033546990196
-112.784657463139
-112.53594338306
-112.28741932411
-112.039099849307
-111.790999509679
-111.543132843415
-111.29551437501
-111.048158614414
-110.801080056185
-110.554293178637
-110.307812442991
-110.06165229253
-109.81582715175
-109.570351425517
-109.325239498221
-109.080505732937
-108.836164470577
-108.592230029055
-108.348716702445
-108.105638760145
-107.863010446041
-107.620845977671
-107.379159545392
-107.137965311551
-106.897277409651
-106.657109943526
-106.417476986513
-106.178392580628
-105.939870735744
-105.701925428767
-105.464570602821
-105.227820166428
-104.991687992694
-104.756187918497
-104.521333743673
-104.287139230211
-104.053618101446
-103.820784041253
-103.588650693246
-103.357231659979
-103.126540502148
-102.896590737799
-102.66739584153
-102.438969243709
-102.21132432968
-101.984474438986
-101.756592748093
-101.528711057199
-101.300829366306
-101.072947675412
-100.845065984519
-100.617184293626
-100.389302602732
-100.161420911839
-99.9335392209451
-99.7056575300517
-99.4777758391582
-99.2498941482647
-99.0220124573713
-98.7941307664778
-98.5662490755843
-98.3383673846909
-98.1104856937974
-97.8826040029039
-97.6547223120105
-97.426840621117
-97.1989589302236
-96.9710772393301
-96.7431955484366
-96.5153138575432
-96.2874321666497
-96.0595504757563
-95.8316687848628
-95.6037870939693
-95.3759054030759
-95.1480237121824
-94.9201420212889
-94.6922603303955
-94.464378639502
-94.2364969486086
-94.0086152577151
-93.7807335668216
-93.5528518759282
-93.3249701850347
-93.0970884941412
-92.8692068032478
-92.6413251123543
-92.4134434214609
-92.1855617305674
-91.9576800396739
-91.7297983487805
-91.501916657887
-91.2740349669936
-91.0461532761001
-90.8182715852066
-90.5903898943132
-90.3625082034197
-90.1346265125262
-89.9067448216328
-89.6788631307393
-89.4509814398458
-89.2230997489524
-88.9952180580589
-88.7673363671655
-88.539454676272
-88.3115729853785
-88.0836912944851
-87.8558096035916
-87.6279279126982
-87.4000462218047
-87.1721645309112
-86.9442828400178
-86.7164011491243
-86.4885194582309
-86.2606377673374
-86.0327560764439
-85.8048743855504
-85.576992694657
-85.3491110037635
-85.1212293128701
-84.8933476219766
-84.6654659310832
-84.4375842401897
-84.2097025492962
-83.9818208584028
-83.7539391675093
-83.5260574766158
-83.2981757857224
-83.0702940948289
-82.8424124039354
-82.614530713042
-82.3866490221485
-82.1587673312551
-81.9308856403616
-81.7030039494682
-81.4751222585747
-81.2472405676812
-81.0193588767878
-80.7914771858943
-80.5635954950008
-80.3357138041074
-80.1078321132139
-79.8799504223204
-79.652068731427
-79.4241870405335
-79.1963053496401
-78.9684236587466
-78.7405419678531
-78.5126602769597
-78.2847785860662
-78.0568968951728
-77.8290152042793
-77.6011335133858
-77.3732518224924
-77.1453701315989
-76.9174884407055
-76.689606749812
-76.4617250589185
-76.233843368025
-76.0059616771316
-75.7780799862381
-75.5501982953447
-75.3223166044512
-75.0944349135577
-74.8665532226643
-74.6386715317708
-74.4107898408774
-74.1829081499839
-73.9550264590904
-73.727144768197
-73.4992630773035
-73.27138138641
-73.0434996955166
-72.8156180046231
-72.5877363137297
-72.3598546228362
-72.1319729319427
-71.9040912410493
-71.6762095501558
-71.4483278592623
-71.2204461683689
-70.9925644774754
-70.7646827865819
-70.5368010956885
-70.308919404795
-70.0810377139016
-69.8531560230081
-69.6252743321146
-69.3973926412212
-69.1695109503277
-68.9416292594343
-68.7137475685408
-68.4858658776473
-68.2579841867539
-68.0301024958604
-67.802220804967
-67.5743391140735
-67.34645742318
-67.1185757322866
-66.8906940413931
-66.6628123504996
-66.4349306596062
-66.2070489687127
-65.9791672778193
-65.7512855869258
-65.5234038960323
-65.2955222051389
-65.0676405142454
-64.8397588233519
-64.6118771324585
-64.383995441565
-64.1561137506716
-63.9282320597781
-63.7003503688846
-63.4724686779912
-63.2445869870977
-63.0167052962042
-62.7888236053108
-62.5609419144173
-62.3330602235239
-62.1051785326304
-61.8772968417369
-61.6494151508435
-61.42153345995
-61.1936517690565
-60.9657700781631
-60.7378883872696
-60.5100066963762
-60.2821250054827
-60.0542433145892
-59.8263616236958
-59.5984799328023
-59.3705982419089
-59.1427165510154
-58.9148348601219
-58.6869531692285
-58.459071478335
-58.2311897874415
-58.0033080965481
-57.7754264056546
-57.5475447147612
-57.3196630238677
-57.0917813329742
-56.8638996420808
-56.6360179511873
-56.4081362602938
-56.1802545694004
-55.9523728785069
-55.7244911876135
-55.49660949672
-55.2687278058265
-55.0408461149331
-54.8129644240396
-54.5850827331462
-54.3572010422527
-54.1293193513592
-53.9014376604658
-53.6735559695723
-53.4456742786788
-53.2177925877854
-52.9899108968919
-52.7620292059985
-52.534147515105
-52.3062658242115
-52.0783841333181
-51.8505024424246
-51.6226207515311
-51.3947390606377
-51.1668573697442
-50.9389756788508
-50.7110939879573
-50.4832122970638
-50.2553306061704
-50.0274489152769
-49.7995672243834
-49.57168553349
-49.3438038425965
-49.1159221517031
-48.8880404608096
-48.6601587699161
-48.4322770790227
-48.2043953881292
-47.9765136972357
-47.7486320063423
-47.5207503154488
-47.2928686245554
-47.0649869336619
-46.8371052427684
-46.609223551875
-46.3813418609815
-46.1534601700881
-45.9255784791946
-45.6976967883011
-45.4698150974077
-45.2419334065142
-45.0140517156207
-44.7861700247273
-44.5582883338338
-44.3304066429404
-44.1025249520469
-43.8746432611534
-43.64676157026
-43.4188798793665
-43.190998188473
-42.9631164975796
-42.7352348066861
-42.5073531157927
-42.2794714248992
-42.0515897340057
-41.8237080431123
-41.5958263522188
-41.3679446613253
-41.1400629704319
-40.9121812795384
-40.684299588645
-40.4564178977515
-40.228536206858
-40.0006545159646
-39.7727728250711
-39.5448911341776
-39.3170094432842
-39.0891277523907
-38.8612460614973
-38.6333643706038
-38.4054826797103
-38.1776009888169
-37.9497192979234
-37.72183760703
-37.4939559161365
-37.266074225243
-37.0381925343496
-36.8103108434561
-36.5824291525626
-36.3545474616692
-36.1266657707757
-35.8987840798823
-35.6709023889888
-35.4430206980953
-35.2151390072019
-34.9872573163084
-34.7593756254149
-34.5314939345215
-34.303612243628
-34.0757305527346
-33.8478488618411
-33.6199671709476
-33.3920854800542
-33.1642037891607
-32.9363220982672
-32.7084404073738
-32.4805587164803
-32.2526770255869
-32.0247953346934
-31.7969136437999
-31.5690319529065
-31.341150262013
-31.1132685711196
-30.8853868802261
-30.6575051893326
-30.4296234984392
-30.2017418075457
-29.9738601166522
-29.7459784257588
-29.5180967348653
-29.2902150439719
-29.0623333530784
-28.8344516621849
-28.6065699712915
-28.378688280398
-28.1508065895045
-27.9229248986111
-27.6950432077176
-27.4671615168242
-27.2392798259307
-27.0113981350372
-26.7835164441438
-26.5556347532503
-26.3277530623568
-26.0998713714634
-25.8719896805699
-25.6441079896765
-25.416226298783
-25.1883446078895
-24.9604629169961
-24.7325812261026
-24.5046995352091
-24.2768178443157
-24.0489361534222
-23.8210544625288
-23.5931727716353
-23.3652910807418
-23.1374093898484
-22.9095276989549
-22.6816460080614
-22.453764317168
-22.2258826262745
-21.9980009353811
-21.7701192444876
-21.5422375535941
-21.3143558627007
-21.0864741718072
-20.8585924809138
-20.6307107900203
-20.4028290991268
-20.1749474082334
-19.9470657173399
-19.7191840264464
-19.491302335553
-19.2634206446595
-19.0355389537661
-18.8076572628726
-18.5797755719791
-18.3518938810857
-18.1240121901922
-17.8961304992987
-17.6682488084053
-17.4403671175118
-17.2124854266184
-16.9846037357249
-16.7567220448314
-16.528840353938
-16.3009586630445
-16.073076972151
-15.8451952812576
-15.6173135903641
-15.3894318994707
-15.1615502085772
-14.9336685176837
-14.7057868267903
-14.4779051358968
-14.2500234450034
-14.0221417541099
-13.7942600632164
-13.5823100771617
-13.3696651518082
-13.1563361671398
-12.9423340381403
-12.727669714235
-12.5123541787305
-12.2963984482524
-12.0798135721823
-11.8626106320917
-11.6448007411755
-11.4263950436832
-11.2074047143489
-10.9878409578191
-10.7677150080802
-10.5470381278829
-10.3258216081662
-10.10407676748
-9.8818149514056
-9.65904753197552
-9.43578590709137
-9.21204149994078
-8.98782575841302
-8.76315015451317
-8.53802618377518
-8.31246536467371
-8.08647923803477
-7.86007936644523
-7.63327733366129
-7.40608474401566
-7.17851322182396
-6.9505744107899
-6.7222799734095
-6.49364159037442
-6.26467095997437
-6.03537979749842
-5.80577983463574
-5.57588281887524
-5.34570051290456
-5.11524469400825
-4.88452715346513
-4.65355969594499
-4.42235413890469
-4.19092231198344
-3.95927605639749
-3.72742722433444
-3.49538767834665
-3.26316929074441
-3.03078394298841
-2.79824352508186
-2.56555993496219
-2.33274507789219
-2.09981086585092
-1.86676921692429
-1.6336320546952
-1.40041130763346
-1.16711890848555
-0.933766793663971
-0.700366902636656
-0.466931177315948
-0.23347156144766
-0
0.245549176090654
0.490902709568706
0.73586511370084
0.980241213388141
1.22383630067287
1.46645628987307
1.70790787222139
1.94799866988484
2.18653738924286
2.42333397330157
2.65819975312264
2.89094759814627
3.12139206528851
3.349349546694
3.57463841602645
3.79888714581861
4.02323346866009
4.24764240855246
4.47211390270343
4.69664788819348
4.92124430197598
5.14590308087746
5.37062416159772
5.59540748071027
5.82025297466224
6.04516057977478
6.2701302322432
6.49516186813723
6.72025542340119
6.9454108338542
7.17062803519042
7.39590696297925
7.62124755266552
7.84664973956986
8.07211345888861
8.29763864569444
8.5232252349362
8.74887316143933
8.97458235990613
9.20035276491586
9.42618431092494
9.65207693226743
9.8780305631549
10.1040451376769
10.3301205898012
10.5562568533739
10.7824538621196
11.0087115496419
11.2350298494234
11.461408694826
11.6878480190912
11.9143477553402
12.1409078365744
12.3675281956752
12.5942087654047
12.8209494784057
13.0477502672018
13.2746110641983
13.5015318016814
13.7285124118193
13.9555528266623
14.1826529781426
14.4098127980751
14.6370322181573
14.8643111699698
15.0916495849761
15.3190473945234
15.5465045298427
15.7740209220488
16.0015965021407
16.2292312010021
16.4569249494012
16.6846776779914
16.9124893173112
17.1403597977847
17.3682890497218
17.5962770033183
17.8243235886567
18.0524287357056
18.2805923743207
18.5088144342447
18.7370948451078
18.9654335364278
19.1938304376103
19.4222854779492
19.6507985866269
19.8793696927143
20.1079987251716
20.3366856128481
20.5654302844826
20.794232668704
21.0230926940309
21.2520102888726
21.480985381529
21.7100179001908
21.9391077729402
22.1682549277507
22.3974592924875
22.6267207949082
22.8560393626625
23.0854149232927
23.3148474042344
23.5443367328159
23.7738828362595
24.003485641681
24.2331450760904
24.4628610663921
24.692633539385
24.9224624217632
25.152347640116
25.3822891209282
25.6122867905804
25.8423405753495
26.0724504014089
26.3026161948284
26.5328378815752
26.7631153875138
26.9934486384062
27.2238375599125
27.4542820775909
27.6847821168984
27.9153376031905
28.1459484617224
28.3766146176483
28.6073359960223
28.8381125217988
29.0689441198325
29.2998307148787
29.5307722315939
29.7617685945358
29.9928197281638
30.2239255568393
30.455086004826
30.6863009962901
30.9175704553008
31.1488943058306
31.3802724717554
31.611704876855
31.8431914448135
32.0747320992193
32.3063267635658
32.5379753612516
32.7696778155806
33.0014340497627
33.2332439869136
33.4651075500559
33.6970246621186
33.928995245938
34.1610192242577
34.3930965197293
34.6252270549122
34.8574107522744
35.0896475341925
35.3219373229524
35.5542800407492
35.786675609688
36.0191239517837
36.2516249889618
36.4841786430584
36.7167848358209
36.9494434889081
37.1821545238903
37.4149178622502
37.6477334253828
37.8806011345959
38.1135209111105
38.3464926760609
38.5795163504955
38.8125918553765
39.0457191115808
39.2788980399002
39.5121285610415
39.7454105956272
39.9787440641955
40.2121288872009
40.4455649850147
40.6790522779247
40.9125906861363
41.1461801297724
41.3798205288739
41.6135118034
41.8472538732286
42.0810466581566
42.3148900779003
42.5487840520957
42.782728500299
43.0167233419867
43.2507684965563
43.4848638833262
43.7190094215366
43.9532050303493
44.1874506288486
44.4217461360411
44.6560914708567
44.8904865521483
45.1249312986926
45.3594256291904
45.5939694622668
45.8285627164718
46.0632053102804
46.2978971620931
46.5326381902362
46.7674283129625
47.002267448451
47.2371555148079
47.4720924300668
47.7070781121886
47.9421124790628
48.1771954485068
48.4123269382672
48.6475068660195
48.8827351493689
49.1180117058505
49.3533364529295
49.5887093080019
49.8241301883948
50.0595990113665
50.2951156941072
50.5306801537393
50.7662923073175
51.0019520718297
51.2376593641969
51.4734141012736
51.7092161998486
51.945065576645
52.1809621483206
52.4169058314685
52.6528965426172
52.8889341982313
53.1250187147116
53.3611500083954
53.5973279955574
53.8335525924095
54.0698237151014
54.3061412797213
54.5425052022956
54.7789153987899
55.0153717851092
55.251874277098
55.4884227905412
55.725017241164
55.9616575446326
56.1983436165545
56.4350753724787
56.6718527278965
56.9086755982414
57.1455438988898
57.3824575451615
57.6194164523197
57.8564205355715
58.0934697100687
58.3305638909075
58.5677029931296
58.8048869317221
59.0421156216179
59.2793889776964
59.5167069147838
59.7540693476531
59.9914761910252
60.2289273595686
60.4664227679002
60.7039623305856
60.9415459621394
61.1791735770257
61.4168450896586
61.6545604144022
61.8923194655714
62.1301221574322
62.3679684042019
62.6058581200498
62.8437912190973
63.0817676154185
63.3197872230405
63.5578499559438
63.7959557280628
64.0341044532859
64.2722960454565
64.5105304183726
64.748807485788
64.9871271614119
65.22548935891
65.4638939919045
65.7023409739746
65.940830218657
66.1793616394461
66.4179351497944
66.6565506631133
66.895208092773
67.133907352103
67.372648354393
67.6114310128923
67.8502552408115
68.0891209513216
68.3280280575553
68.5669764726072
68.8059661095339
69.0449968813546
69.2840687010518
69.5231814815711
69.7623351358221
70.0015295766785
70.2407647169787
70.4800404695262
70.7193567470899
70.9587134624042
71.1981105281703
71.4375478570557
71.6770253616949
71.9165429546901
72.1561005486111
72.3956980559961
72.6353353893518
72.8750124611543
73.1147291838488
73.3544854698505
73.594281231545
73.8341163812884
74.073990831408
74.3139044942026
74.5538572819427
74.7938491068714
75.0338798812042
75.27394951713
75.514057926811
75.7542050223835
75.9943907159578
76.2346149196193
76.4748775454284
76.715178505421
76.9555177116089
77.1958950759803
77.4363105105003
77.6767639271109
77.9172552377318
78.1577843542608
78.3983511885738
78.6389556525256
78.8795976579504
79.1202771166616
79.3609939404529
79.6017480410982
79.8425393303525
80.0833677199516
80.3242331216133
80.5651354470371
80.8060746079052
81.0470505158825
81.2880630826171
81.5291122197408
81.7701978388695
82.0113198516034
82.2524781695278
82.4936727042129
82.7349033672149
82.9761700700759
83.2174727243245
83.4588112414763
83.7001855330339
83.9415955104878
84.1830410853166
84.4245221689873
84.6660386729558
84.9075905086675
85.149177587557
85.3907998210497
85.6324571205609
85.8741493974972
86.1158765632563
86.3576385292277
86.599435206793
86.8412665073263
87.0831323421948
87.3250326227588
87.5669672603723
87.8089361663837
88.0509392521358
88.2929764289661
88.5350476082078
88.7771527011896
89.0192916192364
89.2614642736698
89.5036705758079
89.7459104369666
89.9881837684593
90.2304904815976
90.4728304876915
90.7152036980502
90.9576100239821
91.2000493767951
91.4425216677976
91.6850268082983
91.927564709607
92.1701352830345
92.4127384398938
92.6553740914995
92.8980421491692
93.1407425242229
93.3834751279845
93.626239871781
93.869036666944
94.1118654248092
94.3547260567175
94.5976184740149
94.8405425880531
95.08349831019
95.3264855517897
95.5695042242235
95.8125542388697
96.0556355071144
96.2987479403515
96.5418914499837
96.7850659474223
97.0282713440877
97.2715075514101
97.5147744808297
97.758072043797
98.0014001517734
98.2447587162312
98.4881476486545
98.7315668605394
98.9754395650168
99.2188072963714
99.4622219951307
99.7056836612949
99.9491922948639
100.192747895838
100.436350464216