69
69
69
69
69
69
69
69
69
69
69
69
69
69
69
69
69
69
69
69
69
69
69
69
69
69
69
69
69
69
69
69
69
69
69
69
69
69
69
69
69
69
69
69
69
69
69
69
69
69
69
69
69
69
69
69
69
69
69
69
69
69
69
69
69
69
69
69
69
69
69
69
69
69
69
69
69
69
69
69
69
69
69
69
69
69
69
69
69
69
69
69
69
69
69
69
69
69
69
69
69
69
69
69
69
69
69
69
69
69
69
69
69
69
69
69
69
69
69
69
69
69
69
69
69
69
69
69
69
69
69
69
69
69
69
69
69
69
69
69
69
69
69
69
69
69
69
69
69
69
69
69
69
69
69
69
69
69
69
69
69
69
69
69
69
69
69
69
69
69
69
69
69
69
69
69
69
69
69
69
69
69
69
69
69
69
69
69
69
69
69
69
69
69
69
69
69
69
69
69
69
69
69
69
69
69
69
69
69
69
69
69
69
69
69
69
69
69
69
69
69
69
69
69
69
69
69
69
69
69
69
69
69
69
69
69
69
69
69
69
69
69
69
69
69
69
69
69
69
69
69
69
69
69
69
69
69
69
69
69
69
69
69
69
69
69
69
69
69
69
69
69
69
69
69
69
69
69
69
69
69
69
69
69
69
69
69
69
69
69
69
69
69
69
69
69
69
69
69
69
69
69
69
69
69
69
69
69
69
69
69
69
69
69
69
69
69
69
69
69
69
69
69
69
69
69
69
69
69
69
69
69
69
69
69
69
68.9990436803603
68.9961747774797
68.9913934594703
68.9847000065076
68.976094810815
68.9655783766396
68.9531513202238
68.9388143697684
68.9225683653902
68.904414259073
68.8843531146112
68.8623861075483
68.8385145251073
68.8127397661156
68.7850633409229
68.7554868713129
68.7240120904081
68.6906408425681
68.655375083282
68.6182168790534
68.5791684072792
68.5382319561226
68.4954099243784
68.4507048213328
68.4041192666161
68.3556559900495
68.3053178314848
68.2531077406385
68.1990287769182
68.143084109244
68.0852770158625
68.0256108841548
67.9640892104378
67.9007155997597
67.8354937656883
67.7684275300939
67.6995208229249
67.6287776819776
67.5562022526598
67.4817987877478
67.4055716471372
67.3275252975871
67.2476643124589
67.1659933714481
67.0825172603097
66.9972408705785
66.9101691992817
66.8213073486466
66.7306605258015
66.6382340424704
66.5440333146621
66.4480638623523
66.3503313091607
66.2508413820211
66.1495999108459
66.0466128281847
65.9418861688763
65.8356231912593
65.7293602136424
65.6230972360255
65.5168342584085
65.4105712807916
65.3043083031747
65.1980453255578
65.0917823479408
64.9855193703239
64.8792563927069
64.77299341509
64.6667304374731
64.5604674598562
64.4542044822392
64.3479415046223
64.2416785270054
64.1354155493884
64.0291525717715
63.9228895941546
63.8166266165376
63.7103636389207
63.6041006613038
63.4978376836868
63.3915747060699
63.285311728453
63.179048750836
63.0727857732191
62.9665227956022
62.8602598179853
62.7539968403683
62.6477338627514
62.5414708851345
62.4352079075175
62.3289449299006
62.2226819522837
62.1164189746667
62.0101559970498
61.9038930194329
61.7976300418159
61.691367064199
61.5851040865821
61.4788411089651
61.3725781313482
61.2663151537313
61.1600521761143
61.0537891984974
60.9475262208805
60.8412632432636
60.7350002656466
60.6287372880297
60.5224743104128
60.4162113327958
60.3099483551789
60.203685377562
60.097422399945
59.9911594223281
59.8848964447112
59.7786334670942
59.6723704894773
59.5661075118604
59.4598445342434
59.3535815566265
59.2473185790096
59.1410556013926
59.0347926237757
58.9285296461588
58.8222666685419
58.7160036909249
58.609740713308
58.5034777356911
58.3972147580741
58.2909517804572
58.1846888028403
58.0784258252233
57.9721628476064
57.8658998699895
57.7596368923725
57.6533739147556
57.5471109371387
57.4408479595217
57.3345849819048
57.2283220042879
57.122059026671
57.015796049054
56.9095330714371
56.8032700938202
56.6970071162032
56.5907441385863
56.4844811609694
56.3782181833524
56.2719552057355
56.1656922281186
56.0594292505016
55.9531662728847
55.8469032952678
55.7406403176508
55.6343773400339
55.528114362417
55.4218513848
55.3155884071831
55.2093254295662
55.1030624519492
54.9967994743323
54.8905364967154
54.7842735190985
54.6780105414815
54.5717475638646
54.4654845862477
54.3592216086307
54.2529586310138
54.1466956533969
54.0404326757799
53.934169698163
53.8279067205461
53.7216437429291
53.6153807653122
53.5091177876953
53.4028548100783
53.2965918324614
53.1903288548445
53.0840658772275
52.9778028996106
52.8715399219937
52.7652769443768
52.6590139667598
52.5527509891429
52.446488011526
52.340225033909
52.2339620562921
52.1276990786752
52.0214361010582
51.9151731234413
51.8089101458244
51.7026471682074
51.5963841905905
51.4901212129736
51.3838582353566
51.2775952577397
51.1713322801228
51.0650693025058
50.9588063248889
50.852543347272
50.7462803696551
50.6400173920381
50.5337544144212
50.4274914368043
50.3212284591873
50.2149654815704
50.1087025039535
50.0024395263365
49.8961765487196
49.7899135711027
49.6836505934857
49.5773876158688
49.4711246382519
49.3648616606349
49.258598683018
49.1523357054011
49.0460727277841
48.9398097501672
48.8335467725503
48.7272837949333
48.6210208173164
48.5147578396995
48.4084948620826
48.3022318844656
48.1959689068487
48.0897059292318
47.9834429516148
47.8771799739979
47.770916996381
47.664654018764
47.5583910411471
47.4521280635302
47.3458650859132
47.2396021082963
47.1333391306794
47.0270761530624
46.9208131754455
46.8145501978286
46.7082872202117
46.6020242425947
46.4957612649778
46.3894982873609
46.2832353097439
46.176972332127
46.0707093545101
45.9644463768931
45.8581833992762
45.7519204216593
45.6456574440423
45.5393944664254
45.4331314888085
45.3268685111915
45.2206055335746
45.1143425559577
45.0080795783408
44.9018166007238
44.7955536231069
44.68929064549
44.583027667873
44.4767646902561
44.3705017126392
44.2642387350222
44.1579757574053
44.0517127797884
43.9454498021714
43.8391868245545
43.7329238469376
43.6266608693206
43.5203978917037
43.4141349140868
43.3078719364698
43.2016089588529
43.095345981236
42.9890830036191
42.8828200260021
42.7765570483852
42.6702940707683
42.5640310931513
42.4577681155344
42.3515051379175
42.2452421603005
42.1389791826836
42.0327162050667
41.9264532274497
41.8201902498328
41.7139272722159
41.6076642945989
41.501401316982
41.3951383393651
41.2888753617481
41.1826123841312
41.0763494065143
40.9700864288974
40.8638234512804
40.7575604736635
40.6512974960466
40.5450345184296
40.4387715408127
40.3325085631958
40.2262455855788
40.1199826079619
40.013719630345
39.907456652728
39.8011936751111
39.6949306974942
39.5886677198772
39.4824047422603
39.3761417646434
39.2698787870264
39.1636158094095
39.0573528317926
38.9510898541756
38.8448268765587
38.7385638989418
38.6323009213249
38.5260379437079
38.419774966091
38.3135119884741
38.2072490108571
38.1009860332402
37.9947230556233
37.8884600780063
37.7821971003894
37.6759341227725
37.5696711451555
37.4634081675386
37.3571451899217
37.2508822123047
37.1446192346878
37.0383562570709
36.932093279454
36.825830301837
36.7195673242201
36.6133043466032
36.5070413689862
36.4007783913693
36.2945154137524
36.1882524361354
36.0819894585185
35.9757264809016
35.8694635032846
35.7632005256677
35.6569375480508
35.5506745704338
35.4444115928169
35.3381486152
35.231885637583
35.1256226599661
35.0193596823492
34.9130967047323
34.8068337271153
34.7005707494984
34.5943077718815
34.4880447942645
34.3817818166476
34.2755188390307
34.1692558614137
34.0629928837968
33.9567299061799
33.8504669285629
33.744203950946
33.6379409733291
33.5316779957121
33.4254150180952
33.3191520404783
33.2128890628614
33.1066260852444
33.0003631076275
32.8941001300106
32.7878371523936
32.6815741747767
32.5753111971598
32.4690482195428
32.3627852419259
32.256522264309
32.150259286692
32.0439963090751
31.9377333314582
31.8314703538412
31.7252073762243
31.6189443986074
31.5126814209904
31.4064184433735
31.3001554657566
31.1938924881396
31.0876295105227
30.9813665329058
30.8751035552889
30.7688405776719
30.662577600055
30.5563146224381
30.4500516448211
30.3437886672042
30.2375256895873
30.1312627119703
30.0249997343534
29.9187367567365
29.8124737791195
29.7062108015026
29.5999478238857
29.4936848462687
29.3874218686518
29.2811588910349
29.1748959134179
29.068632935801
28.9623699581841
28.8561069805672
28.7498440029502
28.6435810253333
28.5373180477164
28.4310550700994
28.3247920924825
28.2185291148656
28.1122661372486
28.0060031596317
27.8997401820148
27.7934772043978
27.6872142267809
27.580951249164
27.474688271547
27.3684252939301
27.2621623163132
27.1558993386962
27.0496363610793
26.9433733834624
26.8371104058455
26.7308474282285
26.6245844506116
26.5183214729947
26.4120584953777
26.3057955177608
26.1995325401439
26.0932695625269
25.98700658491
25.8807436072931
25.7744806296761
25.6682176520592
25.5619546744423
25.4556916968253
25.3494287192084
25.2431657415915
25.1369027639746
25.0306397863576
24.9243768087407
24.8181138311237
24.7202012647014
24.6238072660636
24.5289367672121
24.4355946221989
24.3437856068775
24.2535144186589
24.1647856762712
24.0776039195231
23.9919736090718
23.9078991261947
23.8253847725651
23.7444347700325
23.6650532604061
23.5872443052433
23.5110118856414
23.4363599020346
23.3632921739939
23.2918124400315
23.2219243574104
23.1536315019563
23.0869373678752
23.0218453675745
22.9583588314882
22.8964810079069
22.8362150628113
22.7775640797102
22.720531059483
22.6651189202258
22.6113304971023
22.5591685421989
22.5086357243834
22.4597346291691
22.412467758582
22.3668375310327
22.3228462811934
22.2804962598776
22.2397896339254
22.2007284860926
22.1633148149438
22.1275505347508
22.093437475394
22.0609773822691
22.0301719161977
22.0010226533423
21.973531085126
21.9476986181556
21.92352657415
21.9010161898726
21.8801686170679
21.8609849224025
21.8434660874108
21.8276130084445
21.8134264966268
21.8009072778111
21.7900559925434
21.7808731960303
21.7733593581097
21.7675148632273
21.763340010417
21.7608350132851
21.76
21.7634658856461
21.7738607811216
21.7911764042381
21.8153989586809
21.8465091450008
21.8844821759913
21.9292877964379
21.9808903072241
22.0392485937748
22.1043161588149
22.1760411594155
22.2543664483008
22.3392296193801
22.4305630574703
22.5282939921687
22.6362395387437
22.744071600314
22.8517732946492
22.959344558219
23.0667853276372
23.1740955396623
23.2812751311981
23.3883240392935
23.4952422011433
23.6020295540885
23.7086860356164
23.8152115833615
23.9216061351053
24.027869628777
24.1340020024539
24.2400031943614
24.3458731428738
24.4516117865144
24.557219063956
24.6626949140211
24.7680392756824
24.8732520880632
24.9783332904376
25.0832828222308
25.1881006230198
25.2927866325334
25.3973407906528
25.5017630374118
25.6060533129971
25.710211557749
25.8142377121612
25.9181317168818
26.021893512713
26.125523040612
26.2290202416908
26.3323850572171
26.4356174286144
26.5387172974621
26.6416846054963
26.7445192946099
26.8472213068529
26.9497905844327
27.0522270697148
27.1545307052227
27.2567014336384
27.3587391978029
27.4606439407163
27.5624156055381
27.6640541355879
27.7655594743453
27.8669315654506
27.9681703527048
28.0692757800702
28.1702477916704
28.271086331791
28.3717913448799
28.4723627755471
28.5728005685658
28.6731046688722
28.7732750215658
28.8733115719101
28.9732142653325
29.0729830474251
29.1726178639445
29.2721186608123
29.3714853841157
29.4707179801073
29.5698163952061
29.6687805759969
29.7676104692316
29.8663060218286
29.9648671808739
30.0632938936207
30.1615861074904
30.2597437700723
30.3577668291242
30.4556552325728
30.5534089285138
30.6510278652121
30.7485119911025
30.8458612547897
30.9430756050486
31.0401549908246
31.1370993612342
31.2339086655648
31.3305828532753
31.4271218739964
31.5235256775309
31.6197942138537
31.7159274331123
31.8119252856274
31.9077877218925
32.0035146925747
32.099106148515
32.1945620407282
32.2898823204034
32.3850669389045
32.4801158477701
32.5750289987139
32.6698063436251
32.7644478345686
32.8589534237852
32.953323063692
33.0475567068826
33.1416543061273
33.2356158143734
33.3294411847458
33.4231303705467
33.5166833252562
33.6101000025325
33.7033803562123
33.7965243403108
33.8895319090221
33.9824030167195
34.0751376179557
34.1677356674629
34.2601971201535
34.3525219311198
34.4447100556347
34.5367614491517
34.6286760673053
34.720453865911
34.8120948009659
34.9035988286486
34.9949659053197
35.086195987522
35.1772890319806
35.2682449956032
35.3590638354804
35.449745508886
35.540289973277
35.6306971862941
35.7209671057618
35.8110996896885
35.901094896267
35.9909526838747
36.0806730110734
36.1702558366102
36.2597011194172
36.349008818612
36.4381788934978
36.5272113035636
36.6161060084846
36.704862968122
36.7934821425239
36.8819634919249
36.9703069767466
37.0585125575976
37.1465801952741
37.2345098507597
37.3223014852259
37.4099550600321
37.4974705367259
37.5848478770433
37.672087042909
37.7591879964365
37.8461506999281
37.9329751158755
38.0196612069597
38.1062089360514
38.192618266211
38.278889160689
38.365021582926
38.4510154965528
38.5368708653912
38.6225876534533
38.7081658249423
38.7936053442526
38.8789061759698
38.964068284871
39.049091635925
39.1339761942924
39.2187219253258
39.3033287945701
39.3877967677625
39.4721258108326
39.556315889903
39.640366971289
39.724279021499
39.8080520072346
39.8916858953909
39.9751806530563
40.0585362475131
40.1417526462376
40.2248298168998
40.3077677273642
40.3905663456895
40.4732256401289
40.5557455791304
40.6381261313366
40.7203672655852
40.802468950909
40.8844311565362
40.96625385189
41.0479370065897
41.1294805904498
41.210884573481
41.2921489258898
41.3732736180788
41.4542586206471
41.5351039043898
41.6158094402989
41.6963751995629
41.776801153567
41.8570872738935
41.9372335323217
42.017239900828
42.0971063515862
42.1768328569675
42.2564193895406
42.335865922072
42.4151724275259
42.4943388790644
42.5733652500476
42.6522515140339
42.7309976447798
42.8096036162402
42.8880694025686
42.9663949781168
43.0445803174356
43.1226253952745
43.2005301865818
43.2782946665049
43.3559188103904
43.4334025937839
43.5107459924304
43.5879489822745
43.6650115394599
43.7419336403302
43.8187152614286
43.895356379498
43.9718569714814
44.0482170145213
44.1244364859608
44.2005153633427
44.2764536244101
44.3522512471064
44.4279082095756
44.5034244901617
44.5788000674096
44.6540349200645
44.7291290270726
44.8040823675805
44.8788949209358
44.953566666687
45.0280975845833
45.1024876545754
45.1767368568145
45.2508451716534
45.3248125796458
45.3986390615468
45.4723245983128
45.5458691711015
45.6192727612722
45.6925353503856
45.7656569202037
45.8386374526905
45.9114769300114
45.9841753345334
46.0567326488254
46.129148855658
46.2014239380035
46.2735578790364
46.3455506621326
46.4174022708704
46.4891126890297
46.5606819005926
46.6321098897432
46.7033966408677
46.7745421385543
46.8455463675934
46.9164093129774
46.9871309599012
47.0577112937616
47.1281503001577
47.198447964891
47.2686042739649
47.3386192135855
47.408492770161
47.4782249303018
47.5478156808209
47.6172650087333
47.6865729012567
47.7557393458108
47.824764330018
47.8936478417028
47.9623898688923
48.0309903998156
48.0994494229047
48.1677669267934
48.2359429003184
48.3039773325184
48.3718702126346
48.4396215301105
48.5072312745921
48.5746994359274
48.6420260041671
48.7092109695639
48.776254322573
48.8431560538518
48.90991615426
48.9765346148595
49.0430114269143
49.1093465818908
49.1755400714575
49.241591887485
49.3075020220461
49.3732704674156
49.4388972160704
49.5043822606895
49.5697255941537
49.634927209546
49.6999871001512
49.764905259456
49.8296816811488
49.8943163591202
49.9588092874622
50.0231604604685
50.0873698726349
50.1514375186583
50.2153633934375
50.2791474920728
50.3427898098658
50.4062903423198
50.4696490851392
50.53286603423
50.5959411856991
50.6588745358549
50.7216660812068
50.7843158184654
50.8468237445421
50.9091898565494
50.9714141518007
51.0334966278101
51.0954372822926
51.1572361131636
51.2188931185395
51.2804082967369
51.3417816462729
51.403013165865
51.4641028544312
51.5250507110895
51.585856735158
51.6465209261549
51.7070432837985
51.7674238080069
51.8276624988978
51.887759356789
51.9477143821975
52.0075275758401
52.0671989386329
52.1267284716915
52.1861161763306
52.245362054064
52.3044661066046
52.3634283358643
52.4222487439539
52.4809273331827
52.5394641060588
52.5978590652888
52.6561122137777
52.7142235546289
52.7721930911439
52.8300208268223
52.8877067653618
52.9452509106577
53.0026532668034
53.0599138380895
53.1170326290045
53.1740096442341
53.2308448886613
53.2875383673661
53.3440900856259
53.4005000489146
53.4567682629029
53.5128947334585
53.5688794666452
53.6247224687233
53.6804237461495
53.7359833055764
53.7914011538525
53.8466772980225
53.9018117453265
53.9568045032002
54.0116555792747
54.0663649813764
54.120932717527
54.1753587959428
54.2296432250353
54.2837860134104
54.3377871698688
54.3916467034054
54.4453646232094
54.498940938664
54.5523756593464
54.6056687950276
54.6588203556722
54.7118303514382
54.7646987926768
54.8174256899326
54.8700110539428
54.9224548956378
54.9747572261403
55.0269180567657
55.0789373990215
55.1309053393046
55.1826177665114
55.23419246373
55.2856294309604
55.3369286682026
55.3880901754566
55.4391139527224
