-199.58
-199.078196
-198.576392
-198.074588
-197.5727841
-197.0709801
-196.5691761
-196.0673721
-195.5655681
-195.0637641
-194.5619601
-194.0601562
-193.5583522
-193.0565482
-192.5547442
-192.0529402
-191.5511362
-191.0493323
-190.5475283
-190.0457243
-189.5439203
-189.0421163
-188.5403123
-188.0385083
-187.5367044
-187.0349004
-186.5330964
-186.0312924
-185.5294884
-185.0276844
-184.5258804
-184.0240765
-183.5222725
-183.0204685
-182.5186645
-182.0168605
-181.5150565
-181.0132526
-180.5114486
-180.0096446
-179.5078406
-179.0060366
-178.5042326
-178.0024286
-177.5006247
-176.9988207
-176.4970167
-175.9952127
-175.4934087
-174.9916047
-174.4898007
-173.9879968
-173.4861928
-172.9843888
-172.4825848
-171.9807808
-171.4789768
-170.9771729
-170.4753689
-169.9735649
-169.4717609
-168.9699569
-168.4681529
-167.9663489
-167.464545
-166.962741
-166.460937
-165.959133
-165.457329
-164.955525
-164.453721
-163.9519171
-163.4501131
-162.9483091
-162.4465051
-161.9447011
-161.4428971
-160.9410932
-160.4392892
-159.9374852
-159.4356812
-158.9338772
-158.4320732
-157.9302692
-157.4284653
-156.9266613
-156.4248573
-155.9230533
-155.4212493
-154.9194453
-154.4176413
-153.9158374
-153.4140334
-152.9122294
-152.4104254
-151.9086214
-151.4068174
-150.9050135
-150.4032095
-149.9014055
-149.3996015
-148.8977975
-148.3959935
-147.8941895
-147.3923856
-146.8905816
-146.3887776
-145.8869736
-145.3851696
-144.8833656
-144.3815616
-143.8797577
-143.3779537
-142.8761497
-142.3743457
-141.8725417
-141.3707377
-140.8689338
-140.3671298
-139.8653258
-139.3635218
-138.8617178
-138.3599138
-137.8581098
-137.3563059
-136.8545019
-136.3526979
-135.8508939
-135.3490899
-134.8472859
-134.3454819
-133.843678
-133.341874
-132.84007
-132.338266
-131.836462
-131.334658
-130.8328541
-130.3310501
-129.8292461
-129.3274421
-128.8256381
-128.3238341
-127.8220301
-127.3202262
-126.8184222
-126.3166182
-125.8148142
-125.3130102
-124.8112062
-124.3094022
-123.8075983
-123.3057943
-122.8039903
-122.3021863
-121.8003823
-121.2985783
-120.7967744
-120.2949704
-119.7931664
-119.2913624
-118.7895584
-118.2877544
-117.7859504
-117.2841465
-116.7823425
-116.2805385
-115.7787345
-115.3040217
-114.8294093
-114.3549977
-113.8808873
-113.4071783
-112.9339711
-112.4613656
-111.9894618
-111.5183596
-111.0481586
-110.5789583
-110.110858
-109.6439566
-109.1783529
-108.7141455
-108.2514325
-107.7903118
-107.3308809
-106.873237
-106.417477
-105.9636972
-105.5119937
-105.0624619
-104.615197
-104.1702936
-103.7278459
-103.2879473
-102.8506909
-102.4161694
-101.9844744
-101.5275303
-101.0705862
-100.6136421
-100.156698
-99.69975386
-99.24280974
-98.78586563
-98.32892151
-97.8719774
-97.41503328
-96.95808916
-96.50114505
-96.04420093
-95.58725682
-95.1303127
-94.67336858
-94.21642447
-93.75948035
-93.30253624
-92.84559212
-92.388648
-91.93170389
-91.47475977
-91.01781566
-90.56087154
-90.10392742
-89.64698331
-89.19003919
-88.73309508
-88.27615096
-87.81920684
-87.36226273
-86.90531861
-86.4483745
-85.99143038
-85.53448627
-85.07754215
-84.62059803
-84.16365392
-83.7067098
-83.24976569
-82.79282157
-82.33587745
-81.87893334
-81.42198922
-80.96504511
-80.50810099
-80.05115687
-79.59421276
-79.13726864
-78.68032453
-78.22338041
-77.76643629
-77.30949218
-76.85254806
-76.39560395
-75.93865983
-75.48171571
-75.0247716
-74.56782748
-74.11088337
-73.65393925
-73.19699513
-72.74005102
-72.2831069
-71.82616279
-71.36921867
-70.91227456
-70.45533044
-69.99838632
-69.54144221
-69.08449809
-68.62755398
-68.17060986
-67.71366574
-67.25672163
-66.79977751
-66.3428334
-65.88588928
-65.42894516
-64.97200105
-64.51505693
-64.05811282
-63.6011687
-63.14422458
-62.68728047
-62.23033635
-61.77339224
-61.31644812
-60.859504
-60.40255989
-59.94561577
-59.48867166
-59.03172754
-58.57478343
-58.11783931
-57.66089519
-57.20395108
-56.74700696
-56.29006285
-55.83311873
-55.37617461
-54.9192305
-54.46228638
-54.00534227
-53.54839815
-53.09145403
-52.63450992
-52.1775658
-51.72062169
-51.26367757
-50.80673345
-50.34978934
-49.89284522
-49.43590111
-48.97895699
-48.52201287
-48.06506876
-47.60812464
-47.15118053
-46.69423641
-46.23729229
-45.78034818
-45.32340406
-44.86645995
-44.40951583
-43.95257172
-43.4956276
-43.03868348
-42.58173937
-42.12479525
-41.66785114
-41.21090702
-40.7539629
-40.29701879
-39.84007467
-39.38313056
-38.92618644
-38.46924232
-38.01229821
-37.55535409
-37.09840998
-36.64146586
-36.18452174
-35.72757763
-35.27063351
-34.8136894
-34.35674528
-33.89980116
-33.44285705
-32.98591293
-32.52896882
-32.0720247
-31.61508058
-31.15813647
-30.70119235
-30.24424824
-29.78730412
-29.33036001
-28.87341589
-28.41647177
-27.95952766
-27.50258354
-27.04563943
-26.58869531
-26.13175119
-25.67480708
-25.21786296
-24.76091885
-24.30397473
-23.84703061
-23.3900865
-22.93314238
-22.47619827
-22.01925415
-21.56231003
-21.10536592
-20.6484218
-20.19147769
-19.73453357
-19.27758945
-18.82064534
-18.36370122
-17.90675711
-17.44981299
-16.99286887
-16.53592476
-16.07898064
-15.62203653
-15.16509241
-14.7081483
-14.25120418
-13.79426006
-13.3765354
-12.95616073
-12.53321932
-12.10779497
-11.67997196
-11.24983504
-10.81746943
-10.38296078
-9.946395166
-9.507859086
-9.067439414
-8.625223401
-8.181298653
-7.735753116
-7.288675057
-6.840153046
-6.39027594
-5.939132862
-5.486813188
-5.033406527
-4.579002704
-4.123691738
-3.667563832
-3.210709349
-2.753218796
-2.295182805
-1.836692117
-1.377837565
-0.91871005
-0.459400531
0
0.525925842
1.049928006
1.57008985
2.08450878
2.591303207
3.08861943
3.574638416
4.022149519
4.469944797
4.917988836
5.366281135
5.814821192
6.2636085
6.712642553
7.161922842
7.611448854
8.061220078
8.511235998
8.961496097
9.411999855
9.862746753
10.31373627
10.76496787
11.21644104
11.66815524
12.12010995
12.57230464
13.02473876
13.47741178
13.93032316
14.38347237
14.83685886
15.29048209
15.74434151
16.19843658
16.65276674
17.10733145
17.56213015
18.01716228
18.4724273
18.92792463
19.38365373
19.83961403
20.29580497
20.75222598
21.20887649
21.66575594
22.12286375
22.58019935
23.03776217
23.49555164
23.95356717
24.41180818
24.87027411
25.32896435
25.78787833
26.24701547
26.70637517
27.16595685
27.62575991
28.08578377
28.54602783
29.00649149
29.46717416
29.92807524
30.38919413
30.85053023
31.31208293
31.77385163
32.23583572
32.69803459
33.16044765
33.62307427
34.08591384
34.54896575
35.01222938
35.47570412
35.93938935
36.40328445
36.8673888
37.33170178
37.79622276
38.26095111
38.72588622
39.19102745
39.65637418
40.12192577
40.58768159
41.05364101
41.5198034
41.98616811
42.45273452
42.91950198
43.38646985
43.8536375
44.32100428
44.78856954
45.25633265
45.72429295
46.19244981
46.66080256
47.12935057
47.59809319
48.06702975
48.53615961
49.00548212
49.47499661
49.94470244
50.41459895
50.88468547
51.35496135
51.82542593
52.29607855
52.76691854
53.23794524
53.70915799
54.18055612
54.65213896
55.12390586
55.59585613
56.06798911
56.54030413
57.01280052
57.4854776
57.95833471
58.43137117
58.9045863
59.37797943
59.85154988
60.32529698
60.79922004
61.2733184
61.74759136
62.22203825
62.69665839
63.17145109
63.64641568
64.12155146
64.59685776
65.07233389
65.54797916
66.02379289
66.49977439
66.97592297
67.45223795
67.92871863
68.40536433
68.88217436
69.35914802
69.83628462
70.31358348
70.79104389
71.26866517
71.74644663
72.22438756
72.70248728
73.18074509
73.65916029
74.13773219
74.61646009
75.09534329
75.5743811
76.05357282
76.53291775
77.01241519
77.49206445
77.97186481
78.4518156
78.9319161
79.41216561
79.89256343
80.37310887
80.85380122
81.33463978
81.81562384
82.29675272
82.77802569
83.25944207
83.74100114
84.22270221
84.70454457
85.18652752
85.66865036
86.15091238
86.63331287
87.11585114
87.59852648
88.08133819
88.56428555
89.04736788
89.53058446
90.01393459
90.49741756
90.98103268
91.46477923
91.94865651
92.43266382
92.91680045
93.4010657
93.88545886
94.36997924
94.85462612
95.3393988
95.82429658
96.30931875
96.79446462
97.27973347
97.7651246
98.25063732
98.73627091
99.22233471
99.70803618
100.1939246
