69
69
69
69
69
69
69
69
69
69
69
69
69
69
69
69
69
69
69
69
69
69
69
69
69
69
69
69
69
69
69
69
69
69
69
69
69
69
69
69
69
69
69
69
69
69
69
69
69
69
69
69
69
69
69
69
69
69
69
69
69
69
69
69
69
69
69
69
69
69
69
69
69
69
69
69
69
69
69
69
69
69
69
69
69
69
69
69
69
69
69
69
69
69
69
69
69
69
69
69
69
69
69
69
69
69
69
69
69
69
69
69
69
69
69
69
69
69
69
69
69
69
69
69
69
69
69
69
69
69
69
69
69
69
69
69
69
69
69
69
69
69
69
69
69
69
69
69
69
69
69
69
69
69
69
69
69
69
69
69
69
69
69
69
69
69
69
69
68.99654773
68.98619165
68.96893395
68.94477829
68.91372976
68.87579495
68.83098186
68.7793
68.72076028
68.65537508
68.58315825
68.50412506
68.41829222
68.32567789
68.22630167
68.12018458
68.00734905
67.88781897
67.76161961
67.62877768
67.48932127
67.34327989
67.19068442
67.03156714
66.86596172
66.69390319
66.51542794
66.33057373
66.13937966
65.94188617
65.72880963
65.51573309
65.30265655
65.08958001
64.87650347
64.66342693
64.45035038
64.23727384
64.0241973
63.81112076
63.59804422
63.38496768
63.17189114
62.9588146
62.74573806
62.53266152
62.31958498
62.10650844
61.8934319
61.68035536
61.46727882
61.25420228
61.04112573
60.82804919
60.61497265
60.40189611
60.18881957
59.97574303
59.76266649
59.54958995
59.33651341
59.12343687
58.91036033
58.69728379
58.48420725
58.27113071
58.05805417
57.84497763
57.63190109
57.41882454
57.205748
56.99267146
56.77959492
56.56651838
56.35344184
56.1403653
55.92728876
55.71421222
55.50113568
55.28805914
55.0749826
54.86190606
54.64882952
54.43575298
54.22267644
54.00959989
53.79652335
53.58344681
53.37037027
53.15729373
52.94421719
52.73114065
52.51806411
52.30498757
52.09191103
51.87883449
51.66575795
51.45268141
51.23960487
51.02652833
50.81345179
50.60037524
50.3872987
50.17422216
49.96114562
49.74806908
49.53499254
49.321916
49.10883946
48.89576292
48.68268638
48.46960984
48.2565333
48.04345676
47.83038022
47.61730368
47.40422714
47.1911506
46.97807405
46.76499751
46.55192097
46.33884443
46.12576789
45.91269135
45.69961481
45.48653827
45.27346173
45.06038519
44.84730865
44.63423211
44.42115557
44.20807903
43.99500249
43.78192595
43.5688494
43.35577286
43.14269632
42.92961978
42.71654324
42.5034667
42.29039016
42.07731362
41.86423708
41.65116054
41.438084
41.22500746
41.01193092
40.79885438
40.58577784
40.3727013
40.15962476
39.94654821
39.73347167
39.52039513
39.30731859
39.09424205
38.88116551
38.66808897
38.45501243
38.24193589
38.02885935
37.81578281
37.60270627
37.38962973
37.17655319
36.96347665
36.75040011
36.53732356
36.32424702
36.11117048
35.89809394
35.6850174
35.47194086
35.25886432
35.04578778
34.83271124
34.6196347
34.40655816
34.19348162
33.98040508
33.76732854
33.554252
33.34117546
33.12809891
32.91502237
32.70194583
32.48886929
32.27579275
32.06271621
31.84963967
31.63656313
31.42348659
31.21041005
30.99733351
30.78425697
30.57118043
30.35810389
30.14502735
29.93195081
29.71887427
29.50579772
29.29272118
29.07964464
28.8665681
28.65349156
28.44041502
28.22733848
28.01426194
27.8011854
27.58810886
27.37503232
27.16195578
26.94887924
26.7358027
26.52272616
26.30964962
26.09657307
25.88349653
25.67041999
25.45734345
25.24426691
25.03119037
24.81811383
24.626893
24.44157048
24.262183
24.08876609
23.92135411
23.75998023
23.60467641
23.45547342
23.31240081
23.17548694
23.04475893
22.92024267
22.80196284
22.68994286
22.58420493
22.48476999
22.39165775
22.30488665
22.22447388
22.15043537
22.08278579
22.02153854
21.96670576
21.9182983
21.87632576
21.84079645
21.81171741
21.78909441
21.77293191
21.76323314
21.76
21.77591099
21.82358575
21.9028499
22.01341352
22.15487221
22.32670854
22.52829399
22.74355099
22.95830585
23.17254125
23.3862567
23.59945169
23.81212573
24.02427832
24.23590897
24.44701719
24.65760248
24.86766438
25.07720239
25.28621603
25.49470482
25.7026683
25.91010598
26.11701739
26.32340207
26.52925955
26.73458937
26.93939106
27.14366417
27.34740824
27.55062281
27.75330745
27.95546169
28.1570851
28.35817722
28.55873763
28.75876587
28.95826152
29.15722414
29.3556533
29.55354857
29.75090954
29.94773577
30.14402684
30.33978235
30.53500187
30.72968499
30.92383131
31.11744041
31.3105119
31.50304537
31.69504042
31.88649666
32.0774137
32.26779115
32.45762861
32.64692571
32.83568206
33.02389728
33.211571
33.39870285
33.58529244
33.77133943
33.95684343
34.14180409
34.32622106
34.51009396
34.69342246
34.87620619
35.05844482
35.24013799
35.42128536
35.6018866
35.78194138
35.96144934
36.14041018
36.31882355
36.49668913
36.67400661
36.85077566
37.02699597
37.20266722
37.37778911
37.55236133
37.72638358
37.89985555
38.07277694
38.24514747
38.41696684
38.58823477
38.75895095
38.92911513
39.098727
39.2677863
39.43629276
39.6042461
39.77164606
39.93849237
40.10478477
40.270523
40.43570681
40.60033594
40.76441015
40.92792919
41.09089281
41.25330079
41.41515287
41.57644884
41.73718845
41.89737148
42.0569977
42.2160669
42.37457886
42.53253336
42.68993019
42.84676914
43.00305001
43.1587726
43.3139367
43.46854212
43.62258867
43.77607615
43.92900439
44.08137319
44.23318238
44.38443178
44.53512122
44.68525053
44.83481954
44.98382808
45.13227599
45.28016312
45.42748932
45.57425442
45.72045829
45.86610077
46.01118173
46.15570103
46.29965853
46.4430541
46.5858876
46.72815892
46.86986794
47.01101452
47.15159856
47.29161994
47.43107856
47.5699743
47.70830707
47.84607676
47.98328327
48.11992652
48.2560064
48.39152285
48.52647576
48.66086506
48.79469067
48.92795252
49.06065053
49.19278464
49.32435478
49.45536089
49.58580292
49.7156808
49.84499448
49.97374392
50.10192907
50.22954989
50.35660633
50.48309837
50.60902597
50.73438909
50.85918772
50.98342182
51.10709138
51.23019639
51.35273682
51.47471267
51.59612393
51.71697059
51.83725266
51.95697013
52.07612302
52.19471132
52.31273506
52.43019424
52.54708888
52.66341901
52.77918465
52.89438582
53.00902255
53.12309489
53.23660286
53.34954651
53.46192588
53.57374101
53.68499195
53.79567876
53.90580149
54.0153602
54.12435495
54.2327858
54.34065283
54.44795611
54.5546957
54.66087168
54.76648414
54.87153316
54.97601882
55.07994121
55.18336621
55.28612573
55.388337